0 9.42 2.22
1 0.28 8.66
2 4.86 6.98
3 6.29 8.42
4 4.63 1.98
5 1.68 5.90
6 5.38 3.66
7 2.76 5.54
8 5.62 8.79
9 0.32 0.91
10 3.31 9.33
11 0.75 3.39
12 3.59 7.16
13 4.81 7.77
14 0.37 9.54
15 9.84 7.77
16 9.89 4.03
17 8.17 1.51
18 7.28 0.39
19 5.00 9.23
20 7.09 5.74
21 1.77 3.56
22 7.13 8.27
23 7.01 5.51
24 0.87 4.62
25 5.00 7.83
26 7.26 5.25
27 4.36 0.95
28 8.70 2.89
29 2.46 5.80
30 6.84 8.91
31 9.14 2.24
32 3.69 3.70
33 2.48 1.01
34 9.79 7.82
35 2.51 2.60
36 4.74 2.10
37 3.95 6.32
38 5.46 6.67
39 7.48 8.49
40 6.35 0.73
41 0.17 9.55
42 1.61 7.03
43 9.39 6.15
44 4.09 7.98
45 1.66 5.60
46 6.99 2.78
47 6.94 7.06
48 4.26 8.52
49 1.75 5.80
50 3.30 1.47
51 9.12 4.42
52 8.65 8.82
53 1.82 7.59
54 8.64 5.19
55 5.89 4.96
56 7.89 2.60
57 5.02 0.24
58 7.27 7.56
59 2.97 3.12
60 9.46 3.90
61 0.27 4.76
62 2.90 5.35
63 3.56 6.83
64 8.65 7.67
65 0.64 8.64
66 5.18 6.16
67 2.39 7.02
68 3.60 0.50
69 2.50 8.61
70 1.62 5.95
71 9.94 5.05
72 7.89 6.44
73 4.79 7.09
74 9.79 2.64
75 7.08 5.20
76 6.56 5.63
77 9.96 0.46
78 6.83 4.63
79 3.23 1.42
80 4.10 5.54
81 0.47 9.84
82 6.20 5.49
83 3.06 0.41
84 5.43 7.53
85 7.77 7.58
86 3.68 8.64
87 9.86 5.41
88 3.24 3.75
89 2.65 5.02
90 7.56 8.31
91 5.79 7.52
92 7.73 1.83
93 8.59 9.77
94 0.09 5.51
95 1.94 4.10
96 7.25 7.48
97 2.27 3.20
98 0.06 0.39
99 3.39 6.07
100 0.79 7.50
101 7.82 1.17
102 8.49 4.70