0 1 2 4 12 13 15 16 17 24 48 50 52 59 77 89 98 101
1 0 2 3 24 101
2 1 0 3 4 5 6 7 8 10 11 18 26 30 32 34 35 40 49 52 97
3 1 2 5 6 7 9 33 39 61 62 75
4 2 0 12 17 19 41 50 56 77 84 89 93 102
5 2 3 8 9 11 14 23 31 33 38 42 51 55 62 65 69 71 88 97
6 2 3 39
7 2 3 10 20 25 34 47 60 66 92
8 2 5 18 23 36 51 69 86
9 3 5 14 58 70 88
10 2 7 20 21 25 29 35 47 64 99
11 2 5 26 32 53 65
12 0 4 13 15 37 44 46 56 59 79 81 84
13 0 12 44
14 5 9 55 58 70
15 0 12 16 22 28 37 46 48 63 76
16 0 15 22 27 28 57 98 100
17 0 4 19
18 2 8 36 40 43 45 67
19 4 17 41 93
20 7 10 21 64 73 78
21 10 20 73 85
22 15 16 27 72 100
23 5 8 31 42 71 83
24 0 1
25 7 10 29 60 82 87 90
26 2 11 30 53 94
27 16 22 72
28 15 16 57 96
29 10 25 82 95
30 2 26
31 5 23 38
32 2 11
33 3 5
34 2 7
35 2 10 49
36 8 18
37 12 15
38 5 31
39 3 6 61
40 2 18 43 45 54 80
41 4 19
42 5 23 83
43 18 40 54 67 68
44 12 13 81
45 18 40 80
46 12 15 63 76 79
47 7 10 66 91 99
48 0 15
49 2 35
50 0 4
51 5 8
52 2 0
53 11 26 94
54 40 43
55 5 14
56 4 12
57 16 28 96
58 9 14
59 0 12
60 7 25 87 90
61 3 39 75
62 3 5
63 15 46
64 10 20
65 5 11
66 7 47 91 92
67 18 43 68 74
68 43 67 74
69 5 8 86
70 9 14
71 5 23
72 22 27
73 20 21 78 85
74 67 68
75 3 61
76 15 46
77 0 4 102
78 20 73
79 12 46
80 40 45
81 12 44
82 25 29 95
83 23 42
84 4 12
85 21 73
86 8 69
87 25 60
88 5 9
89 0 4
90 25 60
91 47 66
92 7 66
93 4 19
94 26 53
95 29 82
96 28 57
97 2 5
98 0 16
99 10 47
100 16 22
101 0 1
102 4 77